Timestamp,Open,High,Low,Close,AdjClose,Volume,DividendAmount,SplitCoefficient
2018-07-23,2.8,2.83,2.77,2.79,2.79,7932901,0,1
2018-07-20,2.81,2.84,2.78,2.84,2.84,13676986,0,1
2018-07-19,2.79,2.8199,2.7,2.77,2.77,22688920,0,1
2018-07-18,2.87,2.88,2.81,2.84,2.84,9663438,0,1
2018-07-17,2.87,2.9299,2.85,2.87,2.87,14484910,0,1
2018-07-16,2.91,2.96,2.9,2.92,2.92,7669540,0,1
2018-07-13,2.9,2.94,2.88,2.91,2.91,9138258,0,1
2018-07-12,2.96,2.96,2.9,2.9,2.9,9602709,0,1
2018-07-11,3.02,3.069,2.89,2.9,2.9,16697033,0,1
2018-07-10,3.05,3.08,3,3.06,3.06,7724733,0,1
2018-07-09,3.15,3.18,3.065,3.08,3.08,12877360,0,1
2018-07-06,3.14,3.14,3.07,3.1,3.1,12523289,0,1
2018-07-05,3.07,3.15,3.04,3.14,3.14,16842843,0,1
2018-07-03,2.91,3.12,2.9,3.06,3.06,18307755,0,1
2018-07-02,2.89,2.9,2.83,2.88,2.88,11095484,0,1
2018-06-29,2.9,2.97,2.89,2.9,2.9,10516954,0,1
2018-06-28,2.9,2.93,2.85,2.88,2.88,9156564,0.005,1
2018-06-27,2.96,2.97,2.9,2.9,2.895,7963270,0,1
2018-06-26,2.96,2.97,2.87,2.96,2.9549,13205629,0,1
2018-06-25,3.02,3.04,2.97,2.98,2.9748,8916806,0,1
2018-06-22,2.99,3.0299,2.97,3.02,3.0148,8103060,0,1
2018-06-21,3,3.04,2.96,2.97,2.9649,12824182,0,1
2018-06-20,3.05,3.08,2.99,3.01,3.0048,10975682,0,1
2018-06-19,2.97,3.09,2.96,3.04,3.0347,16613936,0,1
2018-06-18,2.97,3.019,2.95,2.99,2.9848,7348931,0,1
2018-06-15,3.07,3.09,2.95,2.96,2.9549,21667011,0,1
2018-06-14,3.05,3.17,3.03,3.15,3.1445,16730418,0,1
2018-06-13,2.98,3.04,2.93,3,2.9948,10729397,0,1
2018-06-12,3,3.035,2.97,3,2.9948,8397912,0,1
2018-06-11,2.91,3.02,2.9,3,2.9948,10316525,0,1
2018-06-08,2.91,2.93,2.88,2.93,2.9249,4212029,0,1
2018-06-07,2.93,2.93,2.865,2.91,2.905,6872856,0,1
2018-06-06,2.91,2.94,2.88,2.92,2.9149,7220234,0,1
2018-06-05,2.83,2.91,2.82,2.89,2.885,9965931,0,1
2018-06-04,2.88,2.9,2.82,2.83,2.8251,6686995,0,1
2018-06-01,2.9,2.9275,2.86,2.87,2.865,8759293,0,1
2018-05-31,2.91,2.94,2.89,2.91,2.905,9058134,0,1
2018-05-30,2.88,2.95,2.873,2.91,2.905,7329233,0,1
2018-05-29,2.83,2.9,2.81,2.87,2.865,6612091,0,1
2018-05-25,2.88,2.94,2.86,2.87,2.865,9159488,0,1
2018-05-24,2.84,2.92,2.8258,2.9,2.895,8667195,0,1
2018-05-23,2.81,2.84,2.78,2.81,2.8051,6979570,0,1
2018-05-22,2.87,2.88,2.8,2.81,2.8051,8410151,0,1
2018-05-21,2.82,2.88,2.7913,2.87,2.865,5312541,0,1
2018-05-18,2.77,2.82,2.77,2.81,2.8051,4985633,0,1
2018-05-17,2.79,2.82,2.77,2.8,2.7951,5628578,0,1
2018-05-16,2.83,2.85,2.78,2.79,2.7852,9817167,0,1
2018-05-15,2.85,2.88,2.79,2.82,2.8151,9741930,0,1
2018-05-14,2.95,2.96,2.92,2.92,2.9149,6867706,0,1
2018-05-11,2.99,3,2.9,2.93,2.9249,7319616,0,1
2018-05-10,2.98,3.0118,2.94,2.98,2.9748,12835696,0,1
2018-05-09,2.94,2.99,2.93,2.95,2.9449,7265889,0,1
2018-05-08,2.92,2.99,2.861,2.95,2.9449,6925027,0,1
2018-05-07,2.92,2.98,2.915,2.92,2.9149,6698707,0,1
2018-05-04,3.01,3.03,2.91,2.93,2.9249,9254787,0,1
2018-05-03,3.04,3.07,2.98,3.01,3.0048,15719401,0,1
2018-05-02,2.87,3.04,2.86,2.96,2.9549,15718726,0,1
2018-05-01,2.85,2.86,2.77,2.85,2.8451,13952195,0,1
2018-04-30,2.96,2.995,2.86,2.87,2.865,18386383,0,1
2018-04-27,2.95,3.04,2.94,3.01,3.0048,10615529,0,1
2018-04-26,2.92,2.96,2.85,2.95,2.9449,11446796,0,1
2018-04-25,2.87,2.96,2.85,2.89,2.885,6545589,0,1
2018-04-24,2.87,2.94,2.86,2.94,2.9349,5369925,0,1
2018-04-23,2.9,2.91,2.84,2.87,2.865,8247118,0,1
2018-04-20,2.94,2.97,2.89,2.96,2.9549,6079354,0,1
2018-04-19,3,3.02,2.94,2.97,2.9649,8122312,0,1
2018-04-18,2.99,3.08,2.96,2.98,2.9748,12111752,0,1
2018-04-17,2.91,2.96,2.89,2.94,2.9349,5860232,0,1
2018-04-16,2.95,2.975,2.891,2.92,2.9149,8268215,0,1
2018-04-13,2.93,3,2.88,2.91,2.905,13177663,0,1
2018-04-12,2.94,2.95,2.86,2.88,2.875,8726370,0,1
2018-04-11,2.85,2.99,2.85,2.98,2.9748,21120411,0,1
2018-04-10,2.85,2.85,2.79,2.8,2.7951,8318980,0,1
2018-04-09,2.76,2.86,2.735,2.81,2.8051,13837089,0,1
2018-04-06,2.7,2.78,2.68,2.76,2.7552,12620025,0,1
2018-04-05,2.63,2.695,2.6,2.68,2.6754,11362314,0,1
2018-04-04,2.83,2.84,2.63,2.65,2.6454,11131350,0,1
2018-04-03,2.84,2.84,2.76,2.77,2.7652,7857569,0,1
2018-04-02,2.81,2.86,2.77,2.84,2.8351,10542092,0,1
2018-03-29,2.7,2.79,2.69,2.76,2.7552,7736407,0,1
2018-03-28,2.77,2.77,2.68,2.71,2.7053,9300239,0.005,1
2018-03-27,2.77,2.83,2.71,2.78,2.7701,11754416,0,1
2018-03-26,2.87,2.88,2.81,2.84,2.8299,9770531,0,1
2018-03-23,2.79,2.88,2.77,2.84,2.8299,16523732,0,1
2018-03-22,2.78,2.78,2.69,2.72,2.7103,10059987,0,1
2018-03-21,2.65,2.81,2.64,2.77,2.7601,17123458,0,1
2018-03-20,2.6,2.64,2.58,2.62,2.6106,8337223,0,1
2018-03-19,2.62,2.67,2.59,2.63,2.6206,11182940,0,1
2018-03-16,2.6,2.64,2.58,2.6,2.5907,16225033,0,1
2018-03-15,2.64,2.65,2.58,2.61,2.6007,8782042,0,1
2018-03-14,2.62,2.69,2.61,2.65,2.6405,12661439,0,1
2018-03-13,2.65,2.659,2.6,2.62,2.6106,13903123,0,1
2018-03-12,2.62,2.67,2.58,2.61,2.6007,14384985,0,1
2018-03-09,2.77,2.7701,2.59,2.62,2.6106,30771755,0,1
2018-03-08,2.83,2.84,2.76,2.77,2.7601,9513294,0,1
2018-03-07,2.92,2.9414,2.81,2.82,2.8099,10103782,0,1
2018-03-06,2.97,3,2.91,2.91,2.8996,8531931,0,1
2018-03-05,2.95,2.99,2.88,2.9,2.8896,10140971,0,1
2018-03-02,3.02,3.04,2.885,2.95,2.9395,14681124,0,1
2018-03-01,2.89,3,2.82,2.98,2.9694,14035848,0,1