Timestamp,Open,High,Low,Close,AdjClose,Volume,DividendAmount,SplitCoefficient
2018-07-24,1271,1275,1244.14,1251.8853,1251.8853,4230418,0,1
2018-07-23,1195.66,1215.1,1192.01,1211,1211,3219280,0,1
2018-07-20,1199.24,1210.77,1196.59,1197.88,1197.88,1898376,0,1
2018-07-19,1206.65,1216.48,1197.73,1199.1,1199.1,1916892,0,1
2018-07-18,1208.53,1221.59,1204.56,1212.91,1212.91,1947397,0,1
2018-07-17,1182.74,1218.76,1182,1213.08,1213.08,2008133,0,1
2018-07-16,1203.81,1208.71,1193.4,1196.51,1196.51,1339237,0,1
2018-07-13,1202.8,1210.44,1195.29,1204.42,1204.42,1631857,0,1
2018-07-12,1174.86,1201.99,1173.1,1201.26,1201.26,2207431,0,1
2018-07-11,1155.62,1180.44,1155.37,1171.46,1171.46,1662633,0,1
2018-07-10,1169.99,1173.5,1162.56,1167.14,1167.14,1066704,0,1
2018-07-09,1160,1167.93,1157.23,1167.28,1167.28,1079201,0,1
2018-07-06,1141.77,1156.2,1137.24,1155.08,1155.08,1090967,0,1
2018-07-05,1124.6,1144.14,1123.12,1141.29,1141.29,1429710,0,1
2018-07-03,1149.42,1149.91,1114.43,1116.28,1116.28,822394,0,1
2018-07-02,1115.35,1142.99,1106.6,1142.11,1142.11,1161040,0,1
2018-06-29,1132.31,1141.36,1127.02,1129.19,1129.19,1578116,0,1
2018-06-28,1112.39,1134,1106.07,1126.78,1126.78,1486675,0,1
2018-06-27,1136,1146.21,1116.7,1116.94,1116.94,1726866,0,1
2018-06-26,1144.14,1146.87,1129,1132.62,1132.62,1734414,0,1
2018-06-25,1155,1155.99,1119.9,1139.28,1139.28,2884131,0,1
2018-06-22,1171.49,1175,1159.65,1169.29,1169.29,1711003,0,1
2018-06-21,1185.51,1190.33,1163.48,1169.44,1169.44,2248277,0,1
2018-06-20,1183.3,1201.49,1182.03,1184.07,1184.07,2584260,0,1
2018-06-19,1170.11,1182.81,1161.61,1178.69,1178.69,2364127,0,1
2018-06-18,1152.69,1184.13,1151,1183.58,1183.58,1651913,0,1
2018-06-15,1159.92,1163.91,1153.69,1159.27,1159.27,2221891,0,1
2018-06-14,1152.21,1165.99,1150.6,1160.11,1160.11,1771120,0,1
2018-06-13,1152.28,1155.64,1143.38,1144.23,1144.23,1715074,0,1
2018-06-12,1141.02,1148.75,1141.02,1148.19,1148.19,1304612,0,1
2018-06-11,1132.94,1147.74,1131.4,1140.9,1140.9,1239770,0,1
2018-06-08,1131.21,1138.78,1123.23,1132.71,1132.71,1364226,0,1
2018-06-07,1144.58,1145.87,1126.12,1134.42,1134.42,1805388,0,1
2018-06-06,1152.77,1154.71,1136.32,1146.95,1146.95,1746719,0,1
2018-06-05,1154.66,1161.1,1147.46,1151.02,1151.02,1648222,0,1
2018-06-04,1138.5,1157.86,1137,1153.04,1153.04,2237701,0,1
2018-06-01,1112.87,1138.16,1112.01,1135,1135,3160100,0,1
2018-05-31,1082,1110,1078,1100,1100,3968362,0,1
2018-05-30,1073.48,1078.99,1066.55,1077.47,1077.47,1434282,0,1
2018-05-29,1076,1081.34,1063.08,1068.07,1068.07,1803805,0,1
2018-05-25,1086.55,1089.57,1082.6,1084.08,1084.08,1111161,0,1
2018-05-24,1086.9,1087.12,1072.3,1085.45,1085.45,1030194,0,1
2018-05-23,1070,1088,1066.96,1085.96,1085.96,1186998,0,1
2018-05-22,1089.8,1091.8,1072.26,1075.31,1075.31,1111299,0,1
2018-05-21,1079,1093.3,1078,1084.01,1084.01,1258999,0,1
2018-05-18,1066,1073.73,1064.68,1069.64,1069.64,1774149,0,1
2018-05-17,1081.46,1091,1076.42,1081.26,1081.26,1286907,0,1
2018-05-16,1085.09,1094.38,1081.63,1084.09,1084.09,1281406,0,1
2018-05-15,1096.9,1099.12,1078.78,1084.87,1084.87,1786926,0,1
2018-05-14,1105.57,1118.15,1104.8,1106.6,1106.6,1966893,0,1
2018-05-11,1100.41,1109.01,1097.22,1103.38,1103.38,1525218,0,1
2018-05-10,1095,1109.41,1093.88,1105.47,1105.47,1820676,0,1
2018-05-09,1064.1,1094,1062.11,1088.95,1088.95,2357979,0,1
2018-05-08,1064.62,1065.23,1051.64,1058.59,1058.59,1301524,0,1
2018-05-07,1053.89,1065,1050.27,1059.46,1059.46,1719971,0,1
2018-05-04,1019.61,1051.88,1018.05,1051,1051,1844600,0,1
2018-05-03,1025.37,1030.69,1007.89,1026.3,1026.3,1964066,0,1
2018-05-02,1034,1043.98,1023.16,1026.05,1026.05,1734872,0,1
2018-05-01,1016.3,1041.73,1010.61,1040.75,1040.75,1766256,0,1
2018-04-30,1034.42,1038.37,1018.3,1018.58,1018.58,1724632,0,1
2018-04-27,1045.54,1051.69,1027.59,1031.45,1031.45,2037263,0,1
2018-04-26,1033.22,1052.02,1020.45,1043.31,1043.31,2546332,0,1
2018-04-25,1029.75,1036.07,1017.01,1022.99,1022.99,2893047,0,1
2018-04-24,1059.2,1064.49,1012.86,1022.64,1022.64,6411038,0,1
2018-04-23,1082.98,1088,1066.68,1073.81,1073.81,3479496,0,1
2018-04-20,1084.27,1094.75,1072.1,1077.32,1077.32,2121692,0,1
2018-04-19,1069.02,1097.51,1069.02,1089.45,1089.45,1994247,0,1
2018-04-18,1079.01,1082,1070.52,1075.39,1075.39,1556298,0,1
2018-04-17,1061.2,1085,1057.09,1079.36,1079.36,2729197,0,1
2018-04-16,1045.55,1051.43,1033.92,1046.1,1046.1,1488822,0,1
2018-04-13,1046.89,1052.98,1030.15,1036.04,1036.04,1270461,0,1
2018-04-12,1031.47,1044.65,1026.05,1037.29,1037.29,1644794,0,1
2018-04-11,1032,1035.87,1019.2,1025.06,1025.06,1703015,0,1
2018-04-10,1030.26,1041.21,1015.41,1036.5,1036.5,1836678,0,1
2018-04-09,1020.04,1044.59,1019.2,1020.09,1020.09,1661012,0,1
2018-04-06,1023.1,1036,1006.25,1009.95,1009.95,2006683,0,1
2018-04-05,1046.39,1046.71,1024,1032.64,1032.64,1791761,0,1
2018-04-04,998.23,1032.74,996.51,1029.71,1029.71,2536198,0,1
2018-04-03,1016.15,1025,997.245,1018.68,1018.68,2566146,0,1
2018-04-02,1027.62,1039.53,994.25,1012.63,1012.63,3253387,0,1
2018-03-29,1011.21,1048.05,1004.04,1037.14,1037.14,3466876,0,1
2018-03-28,1001.91,1024.99,984,1005.18,1005.18,3884943,0,1
2018-03-27,1063.9,1064.54,997.62,1006.94,1006.94,2940957,0,1
2018-03-26,1050.6,1059.27,1010.58,1054.09,1054.09,3272409,0,1
2018-03-23,1051.37,1066.78,1024.87,1026.55,1026.55,2413517,0,1
2018-03-22,1080.01,1083.92,1049.64,1053.15,1053.15,3418154,0,1
2018-03-21,1092.57,1108.7,1087.21,1094,1094,1990515,0,1
2018-03-20,1098.4,1105.55,1082.42,1095.8,1095.8,2709310,0,1
2018-03-19,1117.76,1119.37,1088.92,1100.07,1100.07,3076349,0,1
2018-03-16,1155.35,1156.81,1131.36,1134.42,1134.42,2654602,0,1
2018-03-15,1149.57,1162.5,1135.66,1150.61,1150.61,1623868,0,1
2018-03-14,1145.8,1159.76,1142.35,1148.89,1148.89,2033697,0,1
2018-03-13,1171.83,1178,1134.57,1139.91,1139.91,2129435,0,1
2018-03-12,1165.05,1178.16,1159.2,1165.93,1165.93,2129297,0,1
2018-03-09,1139.5,1161,1134.29,1160.84,1160.84,2070174,0,1
2018-03-08,1117.2,1131.44,1117.2,1129.38,1129.38,1510478,0,1
2018-03-07,1092.82,1116.2,1089.91,1115.04,1115.04,1537429,0,1
2018-03-06,1102.1,1105.63,1094.5,1100.9,1100.9,1169068,0,1
2018-03-05,1078.13,1101.18,1072.27,1094.76,1094.76,1432369,0,1
2018-03-02,1057.98,1086.89,1050.11,1084.14,1084.14,2508145,0,1