Timestamp,Open,High,Low,Close,AdjClose,Volume,DividendAmount,SplitCoefficient
2018-07-24,108.57,108.82,107.26,107.595,107.595,20948002,0,1
2018-07-23,106.3,108.14,106.13,107.97,107.97,29219273,0,1
2018-07-20,108.08,108.2,106.08,106.27,106.27,56038827,0,1
2018-07-19,104.93,105.31,103.89,104.4,104.4,40171646,0,1
2018-07-18,105.94,106.05,104.715,105.12,105.12,29493927,0,1
2018-07-17,104.61,106.5,104.32,105.95,105.95,25901726,0,1
2018-07-16,105.4,105.82,104.515,104.91,104.91,21786912,0,1
2018-07-13,104.37,105.6,104.09,105.43,105.43,24653500,0,1
2018-07-12,102.77,104.41,102.73,104.19,104.19,24335929,0,1
2018-07-11,101.15,102.34,101.1,101.98,101.98,19644648,0,1
2018-07-10,102,102.51,101.86,102.12,102.12,19293140,0,1
2018-07-09,101.6452,102.25,101.251,101.85,101.85,18211980,0,1
2018-07-06,99.885,101.43,99.67,101.16,101.16,19234627,0,1
2018-07-05,99.5,99.92,99.0299,99.76,99.76,18977402,0,1
2018-07-03,100.48,100.63,98.94,99.05,99.05,14670275,0,1
2018-07-02,98.1,100.06,98,100.01,100.01,19564521,0,1
2018-06-29,98.93,99.91,98.33,98.61,98.61,28053214,0,1
2018-06-28,97.38,99.11,97.26,98.63,98.63,26650671,0,1
2018-06-27,99.58,100.02,97.4,97.54,97.54,31298386,0,1
2018-06-26,98.82,100.08,98.75,99.08,99.08,26897244,0,1
2018-06-25,100,100.11,97.3,98.39,98.39,35433333,0,1
2018-06-22,100.41,100.77,99.625,100.41,100.41,38923105,0,1
2018-06-21,102.075,102.46,100.88,101.14,101.14,23198188,0,1
2018-06-20,101.37,102.52,101.12,101.87,101.87,26180792,0,1
2018-06-19,99.65,101,99.5,100.86,100.86,28653087,0,1
2018-06-18,100.01,101.11,99.42,100.86,100.86,23586037,0,1
2018-06-15,101.51,101.53,100.07,100.13,100.13,65738585,0,1
2018-06-14,101.65,102.03,101,101.42,101.42,25691811,0,1
2018-06-13,101.72,102.01,100.56,100.85,100.85,29492875,0,1
2018-06-12,101.1,101.4493,100.75,101.31,101.31,18325228,0,1
2018-06-11,101.37,101.59,100.67,101.05,101.05,23490894,0,1
2018-06-08,101.0924,101.95,100.54,101.63,101.63,22165128,0,1
2018-06-07,102.65,102.69,100.38,100.88,100.88,28232197,0,1
2018-06-06,102.48,102.6,101.9,102.49,102.49,21122917,0,1
2018-06-05,102,102.33,101.53,102.19,102.19,23514402,0,1
2018-06-04,101.26,101.86,100.851,101.67,101.67,27281623,0,1
2018-06-01,99.2798,100.86,99.17,100.79,100.79,28655624,0,1
2018-05-31,99.29,99.99,98.61,98.84,98.84,34140891,0,1
2018-05-30,98.31,99.25,97.91,98.95,98.95,22158528,0,1
2018-05-29,97.84,98.88,97.23,98.01,98.01,28670981,0,1
2018-05-25,98.3,98.98,97.86,98.36,98.36,18363918,0,1
2018-05-24,98.725,98.94,96.81,98.31,98.31,26649287,0,1
2018-05-23,96.71,98.73,96.32,98.66,98.66,21251222,0,1
2018-05-22,97.68,98.17,97.2,97.5,97.5,15441189,0,1
2018-05-21,97,98.01,96.8,97.6,97.6,19422467,0,1
2018-05-18,96.01,96.93,96.01,96.36,96.36,17865840,0,1
2018-05-17,96.76,97.5401,95.83,96.18,96.18,17246716,0,1
2018-05-16,97.36,97.4,96.615,97.15,97.15,17384742,0.42,1
2018-05-15,97.24,97.85,96.34,97.32,96.9011,24594010,0,1
2018-05-14,97.92,98.69,97.31,98.03,97.608,19454124,0,1
2018-05-11,97.8,97.87,97.04,97.7,97.2794,16778316,0,1
2018-05-10,97.46,97.95,97.05,97.91,97.4885,22388119,0,1
2018-05-09,96.01,96.97,95.05,96.94,96.5227,27327410,0,1
2018-05-08,95.8456,96.16,95.0631,95.81,95.3976,23484589,0,1
2018-05-07,95.17,96.71,95.1,96.22,95.8058,24242019,0,1
2018-05-04,93.32,95.37,92.92,95.16,94.7504,22531325,0,1
2018-05-03,92.96,94.925,92.45,94.07,93.6651,31142497,0,1
2018-05-02,94.99,95.17,93.19,93.51,93.1075,27471002,0,1
2018-05-01,93.21,95.29,92.79,95,94.5911,31408927,0,1
2018-04-30,96.33,96.3964,93.15,93.52,93.1174,41523605,0,1
2018-04-27,97.6,97.9,93.91,95.82,95.4075,48272780,0,1
2018-04-26,93.55,95.15,93.1,94.26,93.8542,42529043,0,1
2018-04-25,93.3,93.3,90.28,92.31,91.9126,33729257,0,1
2018-04-24,96.242,96.47,92.41,93.12,92.7192,34524799,0,1
2018-04-23,95.7436,96.29,94.63,95.35,94.9396,22331829,0,1
2018-04-20,95.91,96.11,94.05,95,94.5911,31154377,0,1
2018-04-19,96.44,97.07,95.34,96.11,95.6963,23552541,0,1
2018-04-18,96.22,96.72,95.52,96.44,96.0249,21043287,0,1
2018-04-17,95,96.54,94.88,96.07,95.6565,26771000,0,1
2018-04-16,94.07,94.66,93.42,94.17,93.7646,20288083,0,1
2018-04-13,94.05,94.18,92.44,93.08,92.6793,23346063,0,1
2018-04-12,92.43,94.16,92.43,93.58,93.1772,26758879,0,1
2018-04-11,92.01,93.29,91.48,91.86,91.4646,24872110,0,1
2018-04-10,92.39,93.28,91.64,92.88,92.4802,26939883,0,1
2018-04-09,91.04,93.17,90.62,90.77,90.3793,31533943,0,1
2018-04-06,91.49,92.46,89.48,90.23,89.8416,38026000,0,1
2018-04-05,92.435,93.065,91.4,92.38,91.9823,29771881,0,1
2018-04-04,87.85,92.76,87.73,92.33,91.9326,35559956,0,1
2018-04-03,89.575,90.05,87.89,89.71,89.3238,37213837,0,1
2018-04-02,90.47,90.88,87.51,88.52,88.139,48515417,0,1
2018-03-29,90.18,92.29,88.4,91.27,90.8771,45867548,0,1
2018-03-28,89.82,91.23,88.873,89.39,89.0052,52501146,0,1
2018-03-27,94.94,95.139,88.51,89.47,89.0849,53704562,0,1
2018-03-26,90.61,94,90.4,93.78,93.3763,55031149,0,1
2018-03-23,89.5,90.46,87.08,87.18,86.8047,42159397,0,1
2018-03-22,91.265,91.75,89.66,89.79,89.4035,37578166,0,1
2018-03-21,92.93,94.05,92.21,92.48,92.0819,23753263,0,1
2018-03-20,93.05,93.77,93,93.13,92.7291,21787780,0,1
2018-03-19,93.74,93.9,92.11,92.89,92.4901,31752589,0,1
2018-03-16,94.68,95.38,93.92,94.6,94.1928,47329521,0,1
2018-03-15,93.53,94.58,92.83,94.18,93.7746,26279014,0,1
2018-03-14,95.12,95.41,93.5,93.85,93.446,31576898,0,1
2018-03-13,97,97.24,93.97,94.41,94.0036,34445391,0,1
2018-03-12,96.5,97.21,96.04,96.77,96.3534,25333720,0,1
2018-03-09,95.29,96.54,95,96.54,96.1244,36145524,0,1
2018-03-08,94.27,95.1,93.765,94.43,94.0235,24861307,0,1
2018-03-07,93.16,93.9406,92.43,93.86,93.456,26716127,0,1
2018-03-06,94.34,94.49,92.941,93.32,92.9183,22175776,0,1
2018-03-05,92.34,94.27,92.26,93.64,93.2369,23901578,0,1
2018-03-02,91.58,93.15,90.86,93.05,92.6495,32830389,0,1