Timestamp,Open,High,Low,Close,AdjClose,Volume,DividendAmount,SplitCoefficient
2018-07-24,251.35,254.85,248,248.66,248.66,8858481,0,1
2018-07-23,249.82,249.89,243.28,249.41,249.41,7517632,0,1
2018-07-20,251.93,253.5,250.45,250.89,250.89,5562161,0,1
2018-07-19,250.94,253.39,250.33,252.03,252.03,5893783,0,1
2018-07-18,253.39,253.95,249.64,251.7,251.7,6941041,0,1
2018-07-17,246.21,254.3,245.18,253.69,253.69,9053395,0,1
2018-07-16,248.2,250.34,247.7,248.2,248.2,4925926,0,1
2018-07-13,251.98,251.98,247.62,249.32,249.32,6179078,0,1
2018-07-12,249.36,253.17,248.96,251.23,251.23,8637673,0,1
2018-07-11,249.5,250.9,247.1,247.53,247.53,9187660,0,1
2018-07-10,249.75,254.14,248.12,253.25,253.25,9000390,0,1
2018-07-09,250.3297,250.72,246.0707,249.25,249.25,7597022,0,1
2018-07-06,241.74,247.665,240.88,247.33,247.33,7408822,0,1
2018-07-05,239.07,242.93,237.5,242.73,242.73,7655448,0,1
2018-07-03,243.64,243.88,236.5,236.84,236.84,5568325,0,1
2018-07-02,234.09,242.39,233.2649,242.24,242.24,8939348,0,1
2018-06-29,243.49,244,236.85,236.9,236.9,9807477,0,1
2018-06-28,235.32,241.34,235.01,240.86,240.86,8450297,0,1
2018-06-27,243.75,246.43,235.5,235.72,235.72,11347303,0,1
2018-06-26,243.7,245.65,239.9101,241.99,241.99,11972137,0,1
2018-06-25,246.65,246.8,235.54,239.12,239.12,16645431,0,1
2018-06-22,257.95,258.49,250.3301,250.95,250.95,10853954,0,1
2018-06-21,263.6,264.34,256.8,257.11,257.11,8987906,0,1
2018-06-20,261.832,264.45,260.2808,262.31,262.31,9244494,0,1
2018-06-19,260.92,263.64,255.02,260.17,260.17,14873324,0,1
2018-06-18,263.48,265.8,262.38,265.09,265.09,8906674,0,1
2018-06-15,264.6,267.48,263.3484,265.26,265.26,10806488,0,1
2018-06-14,264.22,269.2,263.62,266.91,266.91,10750411,0,1
2018-06-13,262.64,265.67,262.031,262.4,262.4,8455159,0,1
2018-06-12,261.69,263.07,259.66,262.58,262.58,7978985,0,1
2018-06-11,261.77,263.45,260.1,260.62,260.62,6634253,0,1
2018-06-08,259.96,264,259.2,262.28,262.28,9011443,0,1
2018-06-07,265,265.4785,259.25,262.9,262.9,9236216,0,1
2018-06-06,261.43,265.28,260.77,265.15,265.15,9283856,0,1
2018-06-05,264.98,266.59,263.17,265.07,265.07,9792801,0,1
2018-06-04,259,265.74,257.7,264.85,264.85,16050641,0,1
2018-06-01,254,257.87,253.65,257.62,257.62,10549248,0,1
2018-05-31,251.7,255.2,251.27,252.19,252.19,12346709,0,1
2018-05-30,249.95,253.34,248.9515,252.99,252.99,9774864,0,1
2018-05-29,248.55,251.34,246.7,248.59,248.59,8817083,0,1
2018-05-25,248.2,249.94,246.76,249.28,249.28,7302782,0,1
2018-05-24,247.39,249.4,245.241,247.69,247.69,10934295,0,1
2018-05-23,240.28,247.59,240.25,247.54,247.54,11073926,0.15,1
2018-05-22,244.78,245.7999,240.25,242.7,242.553,12956637,0,1
2018-05-21,249.88,250.03,240.49,244.24,244.0921,16015620,0,1
2018-05-18,249.81,252.37,245.74,245.94,245.7911,12092942,0,1
2018-05-17,246.084,251.5,245.43,247.71,247.56,12994605,0,1
2018-05-16,244,248.52,242.51,246.01,245.861,13845706,0,1
2018-05-15,252.79,252.9,241.5,245.56,245.4113,24088210,0,1
2018-05-14,256.07,258.49,254.4,255.36,255.2054,13078477,0,1
2018-05-11,252.78,259.79,250.54,254.53,254.3759,30361406,0,1
2018-05-10,257.92,260.5,257.2,260.13,259.9725,24852029,0,1
2018-05-09,251.21,255.87,250.11,255.78,255.6251,14918980,0,1
2018-05-08,248.69,250.51,246.71,250.4,250.2484,12665374,0,1
2018-05-07,243.2947,250.99,242.89,248.68,248.5294,17190378,0,1
2018-05-04,231.83,239.1889,231.13,239.06,238.9152,10016538,0,1
2018-05-03,227.6,234.05,225.77,232.99,232.8489,11078640,0,1
2018-05-02,227,228.8,225.25,226.31,226.1729,6706185,0,1
2018-05-01,224.57,227.25,222.2,227.14,227.0024,6344727,0,1
2018-04-30,226.99,229,224.12,224.9,224.7638,8196067,0,1
2018-04-27,229.5,230.3,224.62,226.33,226.1929,10021245,0,1
2018-04-26,223.2,225.55,220.53,225.22,225.0836,9395574,0,1
2018-04-25,220,221.575,210.3,216.66,216.5288,14712343,0,1
2018-04-24,224.92,228.8,218.56,221.2,221.066,10364894,0,1
2018-04-23,229.43,231.5,222.83,223.88,223.7444,10687723,0,1
2018-04-20,228.69,232.1,227.45,228.71,228.5715,9654966,0,1
2018-04-19,231.7452,233.1,226.8,229.04,228.9013,11799933,0,1
2018-04-18,235.5,239.25,232.77,236.37,236.2269,9784058,0,1
2018-04-17,233.6,238.4,231.35,237.54,237.3961,11180638,0,1
2018-04-16,231.772,232.84,227.68,231.49,231.3498,8769776,0,1
2018-04-13,237.17,237.51,229.55,231.5,231.3598,12575892,0,1
2018-04-12,230,235.32,228.2149,234.6,234.4579,14847950,0,1
2018-04-11,227.31,228.976,224.921,226.24,226.103,11506057,0,1
2018-04-10,224.72,229,222.41,227.91,227.772,19118807,0,1
2018-04-09,216.8,221.97,214.6,215.41,215.2795,12488120,0,1
2018-04-06,217.23,221.6,213.0735,214.25,214.1203,16574720,0,1
2018-04-05,228.6,229.13,218.49,221.38,221.2459,17530973,0,1
2018-04-04,215.01,226.6606,214,226.24,226.103,19729161,0,1
2018-04-03,227.8,230.35,221.35,225.35,225.2135,16685759,0,1
2018-04-02,228.74,234.65,217.5,221.05,220.9161,23052315,0,1
2018-03-29,224.105,235.5,220.7002,231.59,231.4498,22915692,0,1
2018-03-28,224.13,229.39,217,221.35,221.216,23647648,0,1
2018-03-27,247.75,250,219.845,225.52,225.3834,34462113,0,1
2018-03-26,238,244.53,235.9,244.48,244.3319,15130542,0,1
2018-03-23,242.4,242.67,232.52,232.97,232.8289,18225390,0,1
2018-03-22,246,247.88,240.341,241.85,241.7035,13663927,0,1
2018-03-21,249.32,252,247.33,248.56,248.4095,10841782,0,1
2018-03-20,241.12,251.15,241.12,249.58,249.4289,13725505,0,1
2018-03-19,248.18,249.35,237,241,240.8541,17472128,0,1
2018-03-16,250,251.25,248.48,250.48,250.3283,9634107,0,1
2018-03-15,249.29,252.62,247.64,249.34,249.189,9992834,0,1
2018-03-14,249.45,250.55,246.22,248.74,248.5894,12573947,0,1
2018-03-13,251.49,254.5,246.04,247.71,247.56,15408000,0,1
2018-03-12,247,253,246.6723,249.76,249.6087,15056073,0,1
2018-03-09,243.1,245.85,242.4501,245.33,245.1814,12580234,0,1
2018-03-08,242.95,242.95,239.3907,241.18,241.0339,10163665,0,1
2018-03-07,238,243.95,237.95,241.84,241.6935,14530226,0,1
2018-03-06,239.1,242.94,237.36,242.16,242.0133,15920243,0,1
2018-03-05,234.51,237.25,229.521,235.65,235.5073,15519413,0,1
2018-03-02,227.86,236.8,221.85,236.54,236.3968,22835685,0,1