Timestamp,Open,High,Low,Close,AdjClose,Volume,DividendAmount,SplitCoefficient
2018-07-23,279.45,280.43,279.06,280.2,280.2,46985738,0,1
2018-07-20,279.77,280.48,279.5,279.68,279.68,82372729,0,1
2018-07-19,280.31,280.74,279.46,280,280,61412117,0,1
2018-07-18,280.56,281.18,280.06,281.06,281.06,44593465,0,1
2018-07-17,278.47,280.91,278.41,280.47,280.47,52315500,0,1
2018-07-16,279.64,279.803,278.84,279.34,279.34,48201038,0,1
2018-07-13,279.17,279.93,278.66,279.59,279.59,48234964,0,1
2018-07-12,278.28,279.43,277.6,279.37,279.37,60124687,0,1
2018-07-11,277.15,278.04,276.52,276.86,276.86,77054739,0,1
2018-07-10,278.41,279.01,278.08,278.9,278.9,51966829,0,1
2018-07-09,276.55,277.96,276.5,277.9,277.9,50550399,0,1
2018-07-06,273.14,275.84,272.715,275.42,275.42,66493696,0,1
2018-07-05,272.17,273.18,270.96,273.11,273.11,56925919,0,1
2018-07-03,272.87,272.98,270.42,270.9,270.9,42187071,0,1
2018-07-02,269.51,272.04,269.24,271.86,271.86,63554774,0,1
2018-06-29,272.12,273.66,271.1495,271.28,271.28,97592499,0,1
2018-06-28,269.29,271.75,268.49,270.89,270.89,76650517,0,1
2018-06-27,272.26,273.865,269.18,269.35,269.35,104960655,0,1
2018-06-26,271.64,272.56,270.79,271.6,271.6,68683211,0,1
2018-06-25,273.44,273.6162,269.1,271,271,137854162,0,1
2018-06-22,275.66,275.785,274.49,274.74,274.74,56612003,0,1
2018-06-21,275.96,275.98,273.68,274.24,274.24,71061404,0,1
2018-06-20,276.27,276.72,275.59,275.97,275.97,53785486,0,1
2018-06-19,274,275.75,273.53,275.5,275.5,97531510,0,1
2018-06-18,275.49,276.7,274.95,276.56,276.56,52917581,0,1
2018-06-15,276.6,277.51,275.35,277.13,277.13,120041562,1.2456,1
2018-06-14,279.01,279.33,278.0599,278.73,277.4828,77097620,0,1
2018-06-13,279.19,279.48,277.8,278.03,276.7859,79070610,0,1
2018-06-12,279.03,279.33,278.19,278.92,277.672,72329028,0,1
2018-06-11,278.44,279.37,278.31,278.56,277.3136,58892515,0,1
2018-06-08,276.85,278.25,276.66,278.19,276.9452,72139719,0,1
2018-06-07,277.95,278.28,276.34,277.37,276.1289,72969402,0,1
2018-06-06,275.79,277.52,275.09,277.4,276.1588,62732215,0,1
2018-06-05,275.05,275.53,274.18,275.1,273.8691,51135038,0,1
2018-06-04,274.53,275.185,274.26,274.9,273.67,45385166,0,1
2018-06-01,272.41,273.94,272.33,273.6,272.3758,71258411,0,1
2018-05-31,272.15,272.49,270.255,270.94,269.7277,93519941,0,1
2018-05-30,270.5,273.11,270.42,272.61,271.3902,69678449,0,1
2018-05-29,270.31,271.17,267.76,269.02,267.8163,115908607,0,1
2018-05-25,272.15,272.86,271.58,272.15,270.9323,56374755,0,1
2018-05-24,272.91,273.22,270.78,272.8,271.5793,76043827,0,1
2018-05-23,271.17,273.39,270.99,273.36,272.1368,64694184,0,1
2018-05-22,273.96,274.25,272.24,272.61,271.3902,52966358,0,1
2018-05-21,273.01,273.98,271.3512,273.37,272.1468,58025875,0,1
2018-05-18,271.62,272.03,270.93,271.33,270.1159,64367959,0,1
2018-05-17,271.94,273.23,271.13,272.01,270.7929,56536400,0,1
2018-05-16,271.14,272.76,271.11,272.24,271.0219,53942631,0,1
2018-05-15,271.59,271.61,270.03,271.1,269.887,87036136,0,1
2018-05-14,273.34,274.08,272.36,272.98,271.7585,54790606,0,1
2018-05-11,272.16,273.15,271.58,272.85,271.6291,59871511,0,1
2018-05-10,270.34,272.39,270.22,272.02,270.8028,72063931,0,1
2018-05-09,267.68,269.865,267.09,269.5,268.2941,59666143,0,1
2018-05-08,266.5,267.325,265.15,266.92,265.7257,67499247,0,1
2018-05-07,266.89,268.02,266.11,266.92,265.7257,55304907,0,1
2018-05-04,261.52,266.7892,261.15,266.02,264.8297,91222075,0,1
2018-05-03,262.26,263.36,259.05,262.62,261.4449,136311479,0,1
2018-05-02,264.76,265.68,262.76,263.2,262.0223,86368943,0,1
2018-05-01,263.87,265.1,262.11,264.98,263.7943,74203365,0,1
2018-04-30,267.26,267.89,264.43,264.51,263.3264,82182324,0,1
2018-04-27,267,267.34,265.5,266.56,265.3673,57053647,0,1
2018-04-26,264.79,267.2452,264.29,266.31,265.1184,67731942,0,1
2018-04-25,262.91,264.13,260.85,263.63,262.4504,103756753,0,1
2018-04-24,267.73,267.9762,261.28,262.98,261.8033,112885452,0,1
2018-04-23,267.26,267.89,265.35,266.57,265.3772,65557954,0,1
2018-04-20,268.81,269.06,265.61,266.61,265.417,99953133,0,1
2018-04-19,269.65,269.88,267.72,268.89,267.6868,77655909,0,1
2018-04-18,270.69,271.3,269.87,270.39,269.1801,57303857,0,1
2018-04-17,269.33,270.87,268.75,270.19,268.981,64682036,0,1
2018-04-16,267,268.2,266.07,267.33,266.1338,63405287,0,1
2018-04-13,267.41,267.54,264.01,265.15,263.9636,85079176,0,1
2018-04-12,265.26,267,265.06,265.93,264.7401,68890480,0,1
2018-04-11,263.47,265.64,263.39,263.76,262.5798,91140243,0,1
2018-04-10,264.27,266.04,262.98,265.15,263.9636,105573736,0,1
2018-04-09,261.37,264.84,259.9356,261,259.8321,105442932,0,1
2018-04-06,263.42,265.11,258,259.72,258.5579,179521209,0,1
2018-04-05,265.55,266.64,264.32,265.64,264.4514,82652618,0,1
2018-04-04,256.75,264.355,256.6,263.56,262.3807,123715339,0,1
2018-04-03,258.87,261.31,256.84,260.77,259.6032,119956861,0,1
2018-04-02,262.55,263.13,254.67,257.47,256.3179,186286343,0,1
2018-03-29,261.12,265.26,259.8389,263.15,261.9725,124244790,0,1
2018-03-28,260.75,262.64,258.58,259.83,258.6674,146452306,0,1
2018-03-27,266.17,266.77,258.84,260.6,259.4339,129941445,0,1
2018-03-26,262.13,265.43,259.41,265.11,263.9238,141956102,0,1
2018-03-23,264.17,265.02,257.83,258.05,256.8953,183534751,0,1
2018-03-22,267.91,268.87,263.36,263.67,262.4902,148785916,0,1
2018-03-21,270.9,273.27,270.19,270.43,269.22,78709578,0,1
2018-03-20,270.94,271.67,270.18,270.95,269.7376,59757271,0,1
2018-03-19,273.35,274.3957,268.62,270.49,269.2797,109208442,0,1
2018-03-16,274.5,275.39,274.14,274.2,272.9731,100343673,1.0968,1
2018-03-15,275.88,276.61,274.43,275,272.6788,83433038,0,1
2018-03-14,277.81,278.02,274.67,275.3,272.9763,105895079,0,1
2018-03-13,279.84,280.41,276.03,276.72,274.3843,91968937,0,1
2018-03-12,279.2,279.91,278.0801,278.52,276.1691,71924793,0,1
2018-03-09,275.7,278.87,275.34,278.87,276.5161,113625335,0,1
2018-03-08,273.55,274.24,272.42,274.1,271.7864,66901150,0,1
2018-03-07,270.42,273.18,270.2,272.78,270.4775,87063502,0,1
2018-03-06,273.3,273.39,271.18,272.88,270.5767,79213163,0,1
2018-03-05,267.73,272.89,267.61,272.19,269.8925,97307387,0,1
2018-03-02,265.8,269.72,264.82,269.08,266.8088,139083217,0,1
2018-03-01,271.41,273.17,266,267.7,265.4404,176855077,0,1